Single Thread Sorting Time: 19207.5[ms]
Single Thread Speed: 501.472[MB/s]

                     Distributed Sort, ms | MSD Sort, ms | Local Merge, ms | Local Partitioning, ms | Global Partitioning, ms | Buckets Determination, ms | Strings Exchange, ms | Strings Exchange Waiting, ms | Reading Data, ms | Writing Data, ms |
-------------------------------------------------------------------------------------------------------------------------------------------------------------------------------------------------------------------------------------------------------
Node 1 (8122235)   |              4868.06 |       465.07 |          189.28 |                   1.60 |                    0.12 |                      0.14 |                42.74 |                         1.01 |          5740.16 |             0.00 |
Node 2 (6246241)   |              4927.32 |       461.14 |          248.47 |                   1.60 |                 4171.21 |                      0.13 |                42.72 |                         0.63 |          5752.32 |             0.00 |
Node 3 (5701346)   |              4873.67 |       370.44 |          194.82 |                   1.61 |                 4262.05 |                      0.10 |                41.20 |                         2.39 |          5807.94 |             0.00 |
Node 4 (7069180)   |              4877.57 |       456.27 |          198.63 |                   1.62 |                 4176.10 |                      0.25 |                43.19 |                         0.00 |          5667.83 |             0.00 |
Node 5 (3499785)   |              4821.45 |       472.25 |          142.28 |                   1.62 |                 4159.96 |                      0.07 |                42.27 |                         1.78 |          5747.83 |             0.00 |
Node 6 (9581283)   |              4815.06 |       475.54 |          135.92 |                   1.61 |                 4156.50 |                      0.09 |                42.87 |                         1.34 |          5754.25 |             0.00 |
Node 7 (3528640)   |              4887.16 |       468.66 |          208.10 |                   1.61 |                 4163.51 |                      0.11 |                42.89 |                         0.91 |          5752.71 |             0.00 |
Node 8 (6249787)   |              4919.61 |       364.49 |          240.91 |                   1.61 |                 4267.95 |                      0.10 |                33.97 |                         9.55 |          5789.65 |             0.00 |
Node 9 (3619228)   |              4734.27 |      2122.65 |           55.51 |                   1.60 |                 2509.44 |                      0.03 |                 9.09 |                        34.32 |          5749.23 |             0.00 |
Node 10 (9500799)  |              4914.86 |      3895.84 |          235.84 |                   1.62 |                  736.58 |                      0.03 |                 7.44 |                        36.83 |          5804.72 |             0.00 |
Node 11 (4874533)  |              4806.01 |      4570.70 |          127.04 |                   1.60 |                   61.31 |                      0.02 |                 8.28 |                        35.54 |          5790.87 |             0.00 |
Node 12 (6379898)  |              4783.21 |      3920.64 |          104.07 |                   1.62 |                  711.89 |                      0.02 |                 7.47 |                        35.97 |          5791.73 |             0.00 |
Node 13 (4446571)  |              4761.96 |      4508.62 |           83.26 |                   1.63 |                  123.84 |                      0.02 |                 7.88 |                        35.93 |          5801.30 |             0.00 |
Node 14 (6978428)  |              4860.13 |      4604.35 |          181.49 |                   1.64 |                   28.15 |                      0.01 |                 8.65 |                        35.49 |          5801.00 |             0.00 |
Node 15 (7943843)  |              4873.68 |      4631.81 |          194.76 |                   1.60 |                    0.25 |                      0.01 |                24.41 |                        19.44 |          5801.80 |             0.00 |
Node 16 (6258203)  |              4924.07 |      3916.35 |          245.19 |                   1.62 |                  716.13 |                      0.02 |                 7.66 |                        36.38 |          5806.57 |             0.00 |
=======================================================================================================================================================================================================================================================
Time max, ms       |              4927.32 |      4631.81 |          248.47 |                   1.64 |                 4267.95 |                      0.25 |                43.19 |                        36.83 |          5807.94 |             0.00 |
Speed, MB/s        |              1954.84 |       129.97 |         2421.41 |
