Single Thread Sorting Time: 7781.47[ms]
Single Thread Speed: 624.946[MB/s]

                     Distributed Sort, ms | MSD Sort, ms | Local Merge, ms | Local Partitioning, ms | Global Partitioning, ms | Buckets Determination, ms | Strings Exchange, ms | Strings Exchange Waiting, ms | Reading Data, ms | Writing Data, ms |
-------------------------------------------------------------------------------------------------------------------------------------------------------------------------------------------------------------------------------------------------------
Node 1 (2098870)   |               583.81 |       258.12 |          304.65 |                   1.00 |                    0.35 |                      0.87 |                 7.98 |                         1.22 |          2799.48 |             0.00 |
Node 2 (2089893)   |               744.25 |       256.31 |          464.78 |                   1.12 |                    3.56 |                      0.63 |                 8.15 |                         1.28 |          2855.64 |             0.00 |
Node 3 (2076740)   |               655.46 |       230.05 |          371.05 |                   1.13 |                   28.45 |                      0.14 |                 5.78 |                         9.06 |          2864.95 |             0.00 |
Node 4 (2091547)   |               808.47 |       253.99 |          528.83 |                   0.55 |                    3.52 |                      0.46 |                10.50 |                         1.35 |          2790.68 |             0.00 |
Node 5 (2087692)   |               808.90 |       226.89 |          531.35 |                   1.12 |                   29.75 |                      0.58 |                 5.71 |                         4.98 |          2765.31 |             0.00 |
Node 6 (2079484)   |               598.83 |       255.48 |          318.47 |                   1.00 |                    3.88 |                      0.12 |                 6.59 |                         8.49 |          3247.72 |             0.00 |
Node 7 (2083473)   |               835.58 |       190.06 |          558.36 |                   0.56 |                   67.28 |                      0.16 |                 2.94 |                        12.22 |          2804.80 |             0.00 |
Node 8 (2084487)   |               897.25 |       253.28 |          617.04 |                   1.11 |                    6.71 |                      1.24 |                 7.15 |                         0.55 |          2781.28 |             0.00 |
Node 9 (2083769)   |               767.23 |       258.60 |          487.47 |                   1.13 |                    0.39 |                      0.12 |                 6.37 |                         8.87 |          3233.94 |             0.00 |
Node 10 (2082879)  |               818.31 |       250.36 |          539.93 |                   1.12 |                    6.92 |                      0.52 |                11.21 |                         2.07 |          3252.34 |             0.00 |
Node 11 (2081844)  |               624.23 |       250.05 |          346.30 |                   0.57 |                    8.15 |                      0.23 |                10.28 |                         4.68 |          3258.00 |             0.00 |
Node 12 (2085079)  |               865.60 |       228.22 |          588.26 |                   1.12 |                   31.33 |                      0.13 |                 5.27 |                        10.11 |          3231.73 |             0.00 |
Node 13 (2074981)  |               659.14 |       252.49 |          381.82 |                   0.67 |                    7.69 |                      0.63 |                 7.76 |                         0.45 |          3184.99 |             0.00 |
Node 14 (2077645)  |               871.98 |       254.46 |          592.25 |                   0.55 |                    3.22 |                      1.15 |                10.12 |                         0.96 |          2760.30 |             0.00 |
Node 15 (2089216)  |               885.84 |       254.82 |          607.94 |                   1.13 |                    4.26 |                      0.13 |                10.06 |                         4.28 |          2751.66 |             0.00 |
Node 16 (2080236)  |               655.47 |       230.44 |          371.01 |                   0.57 |                   26.58 |                      0.26 |                 7.15 |                         7.36 |          2812.55 |             0.00 |
Node 17 (2081436)  |               618.77 |       255.87 |          338.32 |                   1.01 |                    4.08 |                      0.52 |                 9.61 |                         0.41 |          3181.52 |             0.00 |
Node 18 (2082806)  |               652.41 |       255.26 |          375.15 |                   1.13 |                    4.25 |                      0.13 |                 7.96 |                         7.48 |          3219.46 |             0.00 |
Node 19 (2078159)  |               836.62 |       250.75 |          558.41 |                   0.99 |                    9.06 |                      0.28 |                10.68 |                         2.24 |          3233.56 |             0.00 |
Node 20 (2081812)  |               893.49 |       254.66 |          614.55 |                   1.13 |                    3.59 |                      0.11 |                 4.99 |                        10.41 |          3256.84 |             0.00 |
Node 21 (2082220)  |               720.25 |       228.61 |          442.89 |                   1.00 |                   30.23 |                      0.58 |                 6.95 |                         6.42 |          3256.63 |             0.00 |
Node 22 (2079352)  |               602.91 |       228.98 |          325.30 |                   1.12 |                   29.91 |                      0.54 |                 5.26 |                         5.61 |          3258.75 |             0.00 |
Node 23 (2084037)  |               909.72 |       249.88 |          630.52 |                   0.59 |                    5.87 |                      0.15 |                11.87 |                         2.09 |          3255.01 |             0.00 |
Node 24 (2086131)  |               749.31 |       248.45 |          470.71 |                   0.57 |                    7.67 |                      0.52 |                11.59 |                         1.75 |          2785.75 |             0.00 |
Node 25 (2080548)  |               596.70 |       255.22 |          316.69 |                   0.99 |                    4.53 |                      0.48 |                 8.65 |                         0.75 |          3233.75 |             0.00 |
Node 26 (2073200)  |               610.91 |       251.62 |          332.98 |                   1.12 |                    6.94 |                      0.26 |                11.71 |                         3.09 |          2718.94 |             0.00 |
Node 27 (2083294)  |               802.44 |       250.62 |          524.51 |                   1.03 |                    9.48 |                      0.28 |                11.03 |                         3.90 |          2813.58 |             0.00 |
Node 28 (2084892)  |               693.20 |       194.84 |          414.18 |                   1.11 |                   64.87 |                      0.20 |                 2.85 |                        12.02 |          2776.04 |             0.00 |
Node 29 (2079602)  |               577.28 |       190.67 |          292.91 |                   1.02 |                   68.11 |                      0.14 |                 3.42 |                        11.29 |          3244.15 |             0.00 |
Node 30 (2087436)  |               872.02 |       227.82 |          594.43 |                   1.12 |                   29.74 |                      0.41 |                 5.85 |                         5.09 |          2718.79 |             0.00 |
Node 31 (2078821)  |               607.59 |       229.59 |          330.05 |                   1.12 |                   29.88 |                      0.11 |                 4.30 |                        11.12 |          2751.15 |             0.00 |
Node 32 (2081370)  |               580.99 |       257.03 |          300.77 |                   1.14 |                    2.24 |                      0.66 |                11.16 |                         0.56 |          3224.63 |             0.00 |
Node 33 (2078517)  |               723.03 |       249.72 |          444.73 |                   0.57 |                    8.70 |                      0.26 |                11.27 |                         2.34 |          3245.18 |             0.00 |
Node 34 (2079937)  |               755.62 |       257.71 |          476.05 |                   1.13 |                    2.05 |                      0.53 |                 8.35 |                         0.00 |          3210.81 |             0.00 |
Node 35 (2079166)  |               748.88 |       257.07 |          468.70 |                   1.14 |                    2.25 |                      0.67 |                10.96 |                         0.69 |          3216.80 |             0.00 |
Node 36 (2080505)  |               808.51 |       252.67 |          531.17 |                   1.12 |                    6.75 |                      0.38 |                 6.83 |                         7.76 |          3229.85 |             0.00 |
Node 37 (2082608)  |               885.36 |       257.32 |          605.66 |                   1.13 |                    2.07 |                      0.12 |                 8.54 |                         0.77 |          3224.63 |             0.00 |
Node 38 (2083698)  |               893.47 |       194.64 |          615.53 |                   1.11 |                   64.84 |                      0.23 |                 2.46 |                         7.21 |          2795.12 |             0.00 |
Node 39 (2081604)  |               614.02 |       230.27 |          335.61 |                   1.01 |                   28.29 |                      0.75 |                 9.24 |                         1.27 |          2835.71 |             0.00 |
Node 40 (2085882)  |               742.46 |       253.73 |          465.01 |                   0.57 |                    3.01 |                      0.18 |                 2.52 |                         7.27 |          2644.85 |             0.00 |
Node 41 (2083912)  |               624.63 |       258.43 |          345.76 |                   1.13 |                    0.40 |                      1.03 |                 8.88 |                         1.35 |          3210.43 |             0.00 |
Node 42 (2084915)  |               692.45 |       230.53 |          414.66 |                   1.13 |                   28.49 |                      0.66 |                 6.79 |                         5.89 |          3218.67 |             0.00 |
Node 43 (2077379)  |               589.78 |       255.23 |          312.32 |                   0.57 |                    1.12 |                      0.12 |                 5.94 |                         9.27 |          2782.10 |             0.00 |
Node 44 (2088014)  |               602.83 |       249.56 |          324.25 |                   0.96 |                    8.67 |                      0.13 |                11.39 |                         1.43 |          3207.70 |             0.00 |
Node 45 (2086898)  |               910.37 |       254.54 |          632.32 |                   1.12 |                    5.47 |                      1.00 |                 8.98 |                         2.87 |          2753.47 |             0.00 |
Node 46 (2088720)  |               893.40 |       227.74 |          615.66 |                   1.12 |                   31.33 |                      0.14 |                 6.84 |                         6.20 |          3190.17 |             0.00 |
Node 47 (2085244)  |               868.84 |       254.28 |          589.80 |                   1.12 |                    5.50 |                      0.11 |                 5.59 |                         9.90 |          2768.94 |             0.00 |
Node 48 (2100082)  |               909.62 |       227.13 |          625.09 |                   0.56 |                   29.37 |                      0.16 |                 6.80 |                         8.31 |          2736.59 |             0.00 |
=======================================================================================================================================================================================================================================================
Time max, ms       |               910.37 |       258.60 |          632.32 |                   1.14 |                   68.11 |                      1.24 |                11.87 |                        12.22 |          3258.75 |             0.00 |
Speed, MB/s        |              5342.59 |       391.84 |          160.52 |
